precision    recall  f1-score   support

1521       0.88      0.91      0.90       301
1703       0.78      0.81      0.80       102
1707       0.68      0.75      0.72        84
1729       0.78      0.68      0.73       218
1751       0.84      0.83      0.83        92
1755       0.86      0.93      0.89       680
1837       0.88      0.59      0.71        39
2037       0.00      0.00      0.00        26
2525       0.67      0.42      0.52        19
2526       0.00      0.00      0.00         6

avg / total       0.82      0.83      0.82      1567

[[273   3   3   8   1   9   0   0   4   0]
 [  1  83   8   2   3   5   0   0   0   0]
 [  4   3  63   6   1   7   0   0   0   0]
 [  5   9   8 148  10  38   0   0   0   0]
 [  2   4   4   4  76   2   0   0   0   0]
 [ 12   3   5  20   0 632   2   6   0   0]
 [  1   1   1   0   0  13  23   0   0   0]
 [  1   0   0   0   0  25   0   0   0   0]
 [  9   0   0   0   0   1   1   0   8   0]
 [  1   0   0   1   0   4   0   0   0   0]]

val set accuracy: 0.836630503939


